dim 50 50 50
putbox 8 20 24 35 15 15 0.15 0.15 0.15 1
putbox 10 18 36 36 15 18 0 0 0 1
putbox 10 12 29 30 15 15 1 1 1 1
putvoxel 10 31 15 1 1 1 1 
putbox 16 18 29 30 15 15 1 1 1 1
putvoxel 18 31 15 1 1 1 1
putvoxel 9 35 15 0 0 0 1
putvoxel 19 35 15 0 0 0 1
putbox 7 8 35 38 15 17 0 0 0 1
cutvoxel 7 37 17
cutvoxel 7 38 17
cutvoxel 7 38 16
cutvoxel 8 37 17
cutvoxel 8 38 17
cutvoxel 8 38 16
putbox 20 21 35 38 15 17 0 0 0 1
cutvoxel 20 37 17 
cutvoxel 20 38 17
cutvoxel 20 38 16
cutvoxel 21 37 17
cutvoxel 21 38 17
cutvoxel 21 38 16
putbox 10 18 26 26 15 15 0 0 0 1
putbox 10 10 22 25 15 15 0 0 0 1
putbox 18 18 22 25 15 15 0 0 0 1
putvoxel 11 22 15 0 0 0 1
putvoxel 17 22 15 0 0 0 1
putbox 12 16 21 21 15 15 0 0 0 1
putbox 13 15 24 24 15 15 0 0 0 1
putbox 11 12 23 25 15 15 0.96 0.96 0.88 1
putbox 16 17 23 25 15 15 0.96 0.96 0.88 1
putbox 13 15 25 25 15 15 0.96 0.96 0.88 1
putbox 13 15 22 23 15 15 0.96 0.96 0.88 1
putvoxel 12 22 15 0.96 0.96 0.88 1
putvoxel 16 22 15 0.96 0.96 0.88 1 
putbox 9 19 35 35 16 18 0 0 0 1
putbox 7 21 33 34 16 19 0 0 0 1
putbox 7 21 31 32 16 20 0 0 0 1
putbox 7 21 29 30 16 21 0 0 0 1 
putbox 7 21 27 28 16 20 0 0 0 1
putbox 8 20 25 26 16 19 0 0 0 1
putbox 10 18 23 24 16 19 0 0 0 1  
putbox 12 16 21 22 16 18 0 0 0 1  
putbox 7 7 26 34 15 15 0 0 0 1
putbox 21 21 26 34 15 15 0 0 0 1
putbox 8 8 24 25 15 15 0 0 0 1
putbox 20 20 24 25 15 15 0 0 0 1
putvoxel 9 23 15 0 0 0 1
putvoxel 19 23 15 0 0 0 1
putbox 8 11 21 21 15 18 0.2 0.2 0.2 1
putbox 7 7 21 21 15 18 0 0 0 1
putbox 9 9 22 22 15 18 0.2 0.2 0.2 1
putbox 8 8 22 22 15 18 0 0 0 1
putbox 7 10 20 20 15 18 0.2 0.2 0.2 1
putbox 6 6 20 20 15 18 0 0 0 1
putbox 6 9 19 19 15 18 0.2 0.2 0.2 1 
putbox 5 5 19 19 15 18 0 0 0 1
putbox 5 7 17 18 15 18 0.2 0.2 0.2 1
putbox 4 4 17 18 15 18 0 0 0 1
putbox 17 20 21 21 15 18 0.2 0.2 0.2 1
putbox 21 21 21 21 15 18 0 0 0 1
putbox 19 19 22 22 15 18 0.2 0.2 0.2 1
putbox 20 20 22 22 15 18 0 0 0 1
putbox 18 21 20 20 15 18 0.2 0.2 0.2 1
putbox 22 22 20 20 15 18 0 0 0 1
putbox 19 22 19 19 15 18 0.2 0.2 0.2 1
putbox 23 23 19 19 15 18 0 0 0 1 
putbox 21 23 17 18 15 18 0.2 0.2 0.2 1
putbox 24 24 17 18 15 18 0 0 0 1
putbox 9 19 15 20 15 18 0.2 0.2 0.2 1
putbox 10 10 17 19 15 15 0 0 0 1
putbox 11 11 16 20 15 15 0 0 0 1 
putvoxel 12 18 15 0 0 0 1 
putvoxel 16 18 15 0 0 0 1
putbox 13 13 18 19 15 15 0 0 0 1
putbox 14 14 17 18 15 15 0 0 0 1
putbox 15 15 18 19 15 15 0 0 0 1
putbox 17 17 16 20 15 15 0 0 0 1
putbox 18 18 17 19 15 15 0 0 0 1 
putbox 4 7 10 16 15 18 0 0 0 1 
putbox 5 7 11 15 15 15 0.15 0.15 0.15 1
cutbox 4 5 10 10 15 18
cutbox 4 4 11 11 15 18
putbox 5 5 11 11 15 18 0 0 0 1
putbox 8 8 10 18 15 18 0 0 0 1
putbox 21 24 10 16 15 18 0 0 0 1
putbox 21 23 11 15 15 15 0.15 0.15 0.15 1
cutbox 23 24 10 10 15 18
cutbox 24 24 11 11 15 18
putbox 23 23 11 11 15 18 0 0 0 1
putbox 20 20 10 18 15 18 0 0 0 1
putbox 9 19 14 14 15 18 0 0 0 1
putbox 9 19 11 11 15 18 0 0 0 1
cutbox 10 18 14 14 16 17
cutbox 10 18 11 11 16 17
putbox 10 18 12 13 15 18 1 1 0 1
putbox 9 9 11 14 15 18 0 0 0 1
putbox 19 19 11 14 15 18 0 0 0 1
putbox 12 12 11 14 15 18 0 0 0 1
putbox 16 16 11 14 15 18 0 0 0 1
putbox 9 12 6 10 15 18 0.2 0.2 0.2 1 
putbox 16 19 6 10 15 18 0.2 0.2 0.2 1
putbox 10 18 10 10 15 18 0 0 0 1
putbox 11 17 10 10 15 15 0.15 0.15 0.15 1 
putbox 11 17 9 9 15 18 0 0 0 1 
putbox 12 16 9 9 15 15 0.15 0.15 0.15 1
putbox 12 16 8 8 15 18 0 0 0 1 
putbox 13 15 8 8 15 15 0.15 0.15 0.15 1 
putbox 13 15 7 7 15 18 0 0 0 1 
putbox 14 14 7 7 15 15 0.15 0.15 0.15 1 
putbox 14 14 6 6 15 18 0 0 0 1 
putbox 8 8 2 9 15 18 0 0 0 1
putbox 9 13 2 6 15 18 0 0 0 1
putbox 7 7 2 3 15 18 0 0 0 1
putbox 9 12 3 5 15 15 0.15 0.15 0.15 1
putvoxel 8 3 15 0.15 0.15 0.15 1
putbox 20 20 2 9 15 18 0 0 0 1
putbox 15 19 2 6 15 18 0 0 0 1
putbox 21 21 2 3 15 18 0 0 0 1
putbox 16 19 3 5 15 15 0.15 0.15 0.15 1
putvoxel 20 3 15 0.15 0.15 0.15 1
putbox 6 22 23 23 16 21 0.15 0.15 0.15 1
putbox 6 22 4 22 21 21 0.15 0.15 0.15 1
putbox 5 23 22 22 16 21 0.15 0.15 0.15 1
putbox 5 23 4 21 21 21 0.15 0.15 0.15 1
putbox 4 24 21 21 16 21 0.15 0.15 0.15 1
putbox 4 24 4 20 21 21 0.15 0.15 0.15 1
putbox 3 25 20 20 16 21 0.15 0.15 0.15 1
putbox 3 25 4 19 21 21 0.15 0.15 0.15 1
putbox 3 25 19 19 16 21 0.15 0.15 0.15 1
putbox 3 25 4 18 21 21 0.15 0.15 0.15 1
cutbox 5 11 4 4 21 21
cutbox 7 9 5 5 21 21
cutvoxel 8 6 21
cutbox 17 23 4 4 21 21
cutbox 19 21 5 5 21 21
cutvoxel 20 6 21
